20
0
6
3
6
6
6
0
3
3
3
0
0
0
3
3
0
0
0
0
3
0
1
1
1
1
1
0
1
1
1
0
0
0
1
1
0
0
0
0
1
50
0 1
1 0
0 10
10 0
1 2
2 1
1 3
3 1
1 12 
12 1
2 4
4 2
2 14
3 4
4 3
3 19
19 3
3 8
8 3
4 14
14 4
4 16
5 7
7 5
5 9
9 5
5 10
10 5
5 17
6 8
8 6
6 15
15 6
7 11
11 7
7 19
19 7
8 9
9 8
11 18
18 11
12 13
13 12
13 15
15 13
14 13
14 18
18 14
16 19
17 9
1980.08 85 40
1980.08 85 40
6600 25 100
6600 25 100
1824.03 100 40
1824.03 100 40
2626 160 40
2626 160 40
1873 85 40
1873 85 40
1968.55 100 40
1968.55 100 40
1206.66 75 50
2066 160 40
2066 160 40
2092.40 100 40
2092.40 100 40
2262.55 100 40
2262.55 100 40
1880 100 40
1880 100 40
3491 85 60
1798 100 40
1798 100 40
1992.2 100 40
1992.2 100 40
2624.42 85 50
2624.42 85 50
3094 85 60
2067 60 50
2067 60 50
5911 25 100
5911 25 100
3008 60 60
3008 60 60
3666.66 75 60
3666.66 75 60
1924 75 40
1924 75 40
1942.69 25 60
1942.69 25 60
1866 60 60
1866 60 60
2462.05 60 60
2462.02 60 60
940 75 60
8620 60 100
8620 60 100
4400.66 60 80
3824.89 60 80